541.55
470.27
427.29
843.33
295.06
618.20
208.27
58.80
212.91
150.52
472.23
58.13
832.27
753.70
108.70
489.70
430.21
308.86
573.68
339.96
419.21
822.79
630.04
246.76
392.91
148.29
519.77
72.11
76.82
568.77
341.76
981.49
67.68
385.45
629.18
376.90
991.72
750.48
618.10
527.43
739.96
499.86
356.69
321.52
677.25
621.83
981.63
714.35
847.97
298.08
48.94
963.56
956.02
787.73
485.04
360.87
545.63
678.85
128.49
130.63
836.29
656.92
373.56
63.01
919.47
593.93
37.28
882.46
161.64
637.29
301.95
919.99
568.66
167.18
718.13
144.23
283.64
208.87
119.92
808.36
545.27
600.74
995.20
973.92
957.76
615.73
20.12
396.98
955.19
60.86
402.07
22.35
581.02
968.83
139.98
562.19
212.04
803.47
647.71
403.59
959.04
311.29
74.10
153.87
776.96
660.91
695.82
968.17
492.38
605.59
817.50
637.55
958.03
614.20
597.59
359.75
688.64
449.13
748.93
525.92
7.11
111.99
821.72
432.94
290.21
872.39
217.04
226.48
819.07
118.89
872.42
540.84
969.87
713.88
357.72
213.45
853.70
84.21
129.73
567.84
353.96
426.29
410.71
582.74
919.79
847.66
923.36
894.94
224.42
200.61
947.41
763.35
628.00
863.28
29.71
553.81
811.41
825.34
879.41
491.91
750.97
112.02
588.82
415.76
184.83
724.25
123.51
757.04
249.40
779.30
749.37
522.72
209.99
315.30
879.90
63.61
661.09
972.11
885.97
363.54
147.60
685.69
181.31
821.80
675.73
163.75
242.34
47.11
790.65
446.81
331.14
572.99
932.90
24.33
758.60
837.78
507.56
618.30
69.54
70.86
887.66
888.53
381.19
606.27
88.71
113.42
460.51
502.20
71.76
786.71
676.88
215.41
122.30
824.05
924.93
880.58
37.60
157.75
805.94
716.13
859.19
463.24
16.61
436.06
487.40
557.28
314.71
806.52
487.59
817.44
724.44
882.39
607.68
161.47
607.41
708.17
905.58
431.77
622.01
399.28
429.03
816.82
787.08
848.93
659.07
670.79
869.09
773.92
587.87
464.09
757.07
243.51
581.72
161.30
961.09
882.45
783.28
12.03
797.61
664.85
628.00
575.58
565.86
580.36
953.98
793.29
571.51
644.68
709.92
27.12
502.61
785.72
923.07
551.04
177.31
421.43
182.96
907.87
861.48
283.34
616.56
680.27
650.32
277.42
500.38
258.03
927.96
658.13
73.10
41.86
69.94
400.07
312.09
232.42
812.07
627.21
687.21
157.97
480.88
149.79
79.05
627.52
601.61
890.36
864.64
814.33
555.41
697.24
82.06
388.69
352.33
992.77
696.21
407.03
969.79
942.49
21.59
685.93
237.53
18.90
117.36
288.71
964.55
798.92
942.73
366.77
617.00
283.36
731.34
221.20
619.36
668.47
979.16
736.54
413.35
963.22
251.18
64.21
870.57
329.82
423.87
803.31
309.33
309.25
678.92
891.39
410.95
620.42
805.39
216.46
550.44
569.97
611.80
996.36
421.70
113.01
479.63
171.40
749.38
468.55
776.14
457.94
361.45
223.74
66.42
275.71
963.44
162.74
484.90
873.45
374.09
533.43
370.23
396.55
787.21
404.71
270.62
507.47
208.82
385.08
915.84
392.36
370.75
684.97
219.32
862.47
763.52
189.58
902.66
214.93
782.94
240.97
168.85
399.07
125.91
767.58
218.74
501.32
16.25
62.75
254.58
680.50
163.90
34.20
674.93
981.99
907.81
768.38
968.74
967.31
764.96
798.44
570.21
894.85
634.64
941.30
774.11
823.05
291.45
373.65
384.17
548.03
954.24
627.70
499.28
495.63
902.07
318.00
66.93
243.77
448.65
55.06
582.97
667.75
246.89
834.26
541.22
165.70
495.84
919.67
31.62
933.15
741.12
559.00
218.36
186.75
20.11
494.55
634.71
733.18
650.86
181.31
899.01
549.98
438.16
153.88
791.54
629.69
384.93
309.04
819.43
382.04
223.60
751.07
724.35
568.28
460.75
957.16
579.19
111.70
75.23
505.37
488.63
38.44
103.22
344.91
523.20
935.91
189.07
277.19
596.78
524.68
598.93
957.05
833.99
847.05
247.04
360.44
18.20
88.17
896.74
577.22
159.08
698.61
838.14
89.41
217.40
104.85
968.48
952.90
861.05
592.10
170.73
852.06
785.20
495.12
582.54
180.86
860.56
162.40
950.80
808.71
458.55
194.41
186.00
868.46
967.71
69.28
59.25
628.15
116.23
838.61
625.73
234.34
760.34
293.55
522.57
993.56
206.57
604.89
975.98
148.62
462.39
217.69
872.34
977.55
290.78
129.79
363.79
532.84
791.90
800.25
302.76
46.48
863.61
334.39
99.05
155.54
745.37
724.69
919.56
731.83
165.24
66.31
70.42
449.84
570.07
303.48
783.60
85.79
479.04
937.89
716.71
937.94
199.87
252.65
598.16
740.84
767.18
773.35
451.72
870.59
950.08
392.33
336.76
540.73
966.45
377.13
841.88
545.60
158.86
75.62
938.43
676.52
150.37
677.19
467.66
825.21
493.20
154.29
299.69
29.39
384.20
803.53
162.08
347.21
898.91
69.88
877.52
918.10
724.74
511.35
852.54
95.63
31.41
736.11
908.59
189.68
883.08
922.91
171.08
16.98
724.25
655.29
936.50
881.26
941.29
593.74
679.13
719.83
171.88
992.85
228.31
965.65
703.50
198.64
220.99
100.33
169.96
822.93
931.65
299.04
783.99
713.29
980.46
187.24
548.90
45.44
32.14
933.80
724.34
322.20
889.29
79.72
222.55
228.18
266.33
419.67
718.40
968.02
622.60
811.27
670.04
196.47
292.78
257.33
50.02
367.66
741.20
305.13
633.05
180.00
12.19
441.42
631.47
37.45
932.18
962.26
356.35
132.16
249.83
105.69
727.51
788.20
142.88
347.55
581.66
648.73
322.98
420.47
562.07
417.04
821.34
25.76
88.01
260.16
106.72
143.41
475.24
93.64
148.60
660.25
850.72
678.56
63.95
655.88
284.58
216.55
157.11
959.70
831.63
305.32
316.72
927.25
654.28
334.63
901.55
985.33
961.59
499.34
312.02
153.43
726.87
605.88
618.85
389.87
401.65
39.39
931.39
630.07
795.12
383.40
952.35
609.60
556.42
232.40
54.21
359.96
440.56
495.57
258.53
466.49
508.70
590.43
920.58
114.85
865.39
123.52
822.25
815.15
296.03
419.97
813.59
883.98
135.33
189.38
371.91
831.39
36.99
136.19
373.12
74.93
472.06
643.15
459.19
722.94
273.19
122.28
489.45
538.73
769.40
455.60
225.34
229.18
916.72
607.62
19.42
278.00
716.56
76.55
127.25
390.52
21.12
483.00
834.46
217.24
269.84
656.60
222.23
639.40
16.18
988.01
94.20
820.18
343.47
888.94
898.64
813.17
755.57
946.31
978.46
400.69
467.50
905.90
846.12
262.60
121.61
951.94
594.79
100.57
247.72
157.47
761.64
870.15
773.63
172.73
244.43
148.58
699.19
534.28
950.57
260.60
439.41
339.11
389.69
121.61
473.08
700.91
252.92
327.81
309.60
268.29
106.26
312.15
213.63
326.72
466.69
155.05
255.52
227.85
655.68
874.65
699.43
77.81
788.36
971.41
543.08
833.35
287.15
110.12
220.76
122.24
754.22
59.63
844.77
494.36
548.43
63.49
366.86
938.64
809.28
966.25
497.66
100.91
241.49
910.23
79.26
390.68
778.29
865.86
125.45
761.56
931.89
107.91
914.90
164.87
507.61
570.74
71.12
186.92
86.62
184.60
972.19
97.19
109.61
90.28
936.87
759.00
471.57
344.08
621.92
452.78
504.69
665.97
372.56
916.74
787.75
362.91
358.99
854.15
757.40
721.99
845.08
196.54
193.98
978.68
503.63
1.75
933.73
90.84
879.71
979.06
469.07
704.21
56.37
597.75
408.41
935.81
635.05
127.14
413.15
174.02
647.31
821.13
101.93
566.90
65.02
504.36
727.92
701.31
954.14
546.39
242.50
294.88
300.23
721.93
223.91
740.51
52.65
644.96
74.65
555.03
739.71
570.79
952.38
454.60
8.45
609.87
538.40
778.20
385.04
329.86
383.02
827.04
752.38
28.15
520.14
912.32
729.22
897.83
639.92
794.11
645.49
600.91
872.30
472.82
38.66
260.82
819.39
341.53
673.58
935.05
93.40
79.99
810.10
172.42
967.46
331.47
742.42
42.62
696.14
209.08
441.29
161.33
322.91
280.05
830.32
688.06
934.88
76.89
297.32
681.12
410.52
610.16
128.04
57.54
248.47
930.53
690.35
171.66
289.45
413.89
166.00
772.48
99.32
307.43
740.91
543.98
118.04
223.62
933.03
431.26
813.30
726.34
200.18
778.04
808.98
18.56
421.08
560.15
853.44
601.42
36.61
512.66
986.41
208.34
281.78
791.79
806.21
303.18
229.51
950.61
790.28
328.12
972.05
669.10
82.54
651.23
921.09
907.88
312.80
16.45
33.27
379.07
315.19
944.69
7.72
651.62
211.01
674.74
486.89
784.35
117.39
339.24
567.15
70.03
180.69
411.45
378.66
685.51
543.98
354.56
857.71
267.35
793.46
53.16
85.47
260.30
559.43
231.07
386.42
286.11
594.37
789.93
435.95
214.21
577.97
376.09
950.95
184.89
789.48
327.78
195.06
956.64
209.41
913.81
723.86
962.86
508.15
487.69
374.08
521.29
712.54
217.97
137.45
216.69
253.69
775.36
614.20
987.79
226.45
283.56
501.49
942.24
234.56
798.95
471.01
523.98
377.05
148.96
319.98
42.23
400.52
149.30
685.83
557.00
742.18
18.57
654.74
845.70
996.77
239.27
802.02
120.30
379.59
600.12
484.95
93.12
656.24
279.75
629.74
973.52
496.62
818.84
512.60
331.77
181.11
498.16
970.47
969.57
875.15
477.09
24.25
713.84
982.64
91.07
252.27
792.59
868.73
200.91
945.41
155.18
768.48
606.06
352.84
711.58
938.36
357.40
560.51
503.46
537.36
723.90
439.63
995.50
455.00
469.15
186.65
914.97
14.64
118.98
716.00
211.91
481.17
198.49
894.80
930.19
770.69
166.34
0.55
864.59
207.60
159.90
512.98
842.34
70.60
541.32
606.01
268.75
693.63
400.38
185.19
183.78
861.59
335.55
486.27
78.67
280.87
45.29
393.42
763.19
305.96
366.21
499.51
712.13
77.83
588.07
864.24
5.14
768.03
492.55
431.57
459.22
947.43
299.52
961.85
752.59
827.90
225.76
900.78
211.21
555.77
244.47
189.01
835.48
606.22
500.94
406.23
55.93
871.23
845.29
662.75
341.02
350.68
983.69
7.46
150.40
635.90
559.38
117.09
840.92
210.98
599.33
644.58
24.49
67.12
677.87
329.31
633.28
352.09
912.15
330.36
169.33
141.66
852.55
633.32
166.97
609.26
938.81
115.43
485.56
70.61
850.22
314.51
14.27
43.29
49.82
879.60
285.26
992.53
952.26
782.13
872.11
363.23
310.60
536.21
372.67
337.58
758.59
475.22
584.56
788.82
401.14
543.05
356.86
519.97
260.98
801.76
179.18
136.20
137.54
42.78
367.11
501.87
681.09
444.63
740.45
81.31
902.20
270.72
527.20
829.18
855.12
802.99
999.08
493.23
936.70
118.21
131.52
99.86
306.39
365.98
441.04
863.42
57.17
668.89
78.30
644.41
553.80
675.29
816.17
81.85
243.08
316.67
887.85
422.85
23.50
22.03
517.79
157.66
574.64
739.54
465.88
601.13
105.65
910.07
105.48
599.21
35.33
516.16
641.71
952.11
731.89
390.77
265.42
827.99
212.10
735.24
96.03
666.11
586.56
48.72
495.18
565.10
561.76
350.23
995.73
788.25
63.23
166.27
144.72
733.17
339.39
457.75
899.24
541.96
282.76
605.92
497.24
247.80
598.23
631.74
272.96
360.17
480.02
972.03
337.82
72.65
758.15
272.02
776.95
746.05
31.09
825.11
291.04
311.90
961.72
137.80
142.17
106.51
712.83
578.13
103.61
609.27
742.89
561.30
835.15
460.98
594.23
915.63
510.38
768.44
299.37
346.92
659.03
358.85
488.67
406.25
725.30
146.21
632.69
634.39
116.86
126.88
107.64
436.94
946.79
66.17
917.26
373.13
165.83
556.40
480.14
575.90
733.85
977.89
603.44
683.14
672.42
233.37
469.81
570.22
405.57
984.78
159.13
518.61
795.34
830.32
886.44
645.79
500.46
579.93
852.55
809.78
168.30
722.65
747.61
236.70
261.86
959.79
428.64
211.64
352.97
827.48
324.85
702.70
650.03
110.53
233.64
146.12
954.60
105.13
429.32
295.04
175.06
975.97
412.80
696.43
195.17
182.63
882.95
594.92
428.91
863.34
411.92
938.52
99.77
33.45
84.98
1.22
516.73
590.00
891.66
79.54
664.86
670.38
588.25
132.46
260.90
567.09
997.53
476.82
557.55
49.65
233.37
66.25
696.86
329.29
379.90
750.84
777.21
525.07
570.94
500.55
864.15
292.48
807.02
625.91
60.32
594.76
979.64
83.99
594.89
532.74
754.41
187.06
533.98
308.67
977.74
805.33
429.54
911.86
986.28
490.99
336.45
748.62
72.89
137.13
222.96
763.11
746.11
287.40
51.41
999.85
773.78
213.52
84.18
581.62
479.03
74.76
802.98
995.65
27.73
367.17
79.57
285.72
727.60
575.89
347.28
179.51
633.99
893.35
996.49
777.66
677.49
919.02
355.10
380.89
974.43
158.78
87.11
467.93
374.39
491.70
341.17
105.33
544.22
171.22
429.47
781.32
482.95
445.24
57.69
663.09
314.90
695.54
586.84
6.92
462.85
785.20
790.59
519.11
643.02
301.34
279.26
922.85
121.12
188.79
247.50
937.64
156.27
980.13
467.84
259.43
282.68
926.69
874.62
465.35
939.81
503.27
604.05
681.98
323.84
269.55
151.98
369.47
22.01
964.33
788.74
174.69
755.29
321.38
138.27
170.96
750.92
726.61
351.16
789.32
706.01
883.59
814.93
5.27
973.03
554.99
637.00
48.46
179.69
830.84
323.12
884.22
628.02
452.65
687.97
336.08
708.22
729.08
611.81
23.47
214.62
509.17
490.47
656.71
449.28
23.19
72.41
805.97
208.11
309.04
936.09
983.94
899.75
643.49
197.98
221.02
600.41
573.36
682.41
506.41
540.08
328.44
91.82
532.35
640.69
407.19
270.60
477.19
460.27
283.16
343.65
280.12
799.81
20.52
320.84
621.25
436.28
536.85
761.41
762.53
331.77
693.75
330.66
507.35
149.68
169.23
309.75
962.26
456.41
893.17
889.35
438.62
710.83
898.41
881.99
228.44
145.01
507.58
54.00
421.28
455.94
775.15
643.93
479.19
769.12
183.75
471.03
614.60
718.25
821.71
401.09
101.80
582.66
299.00
753.46
469.85
826.71
310.40
27.11
787.48
350.69
754.20
361.04
815.87
510.20
508.63
129.21
30.81
987.46
511.89
644.01
757.87
828.02
445.84
846.28
955.44
955.44
851.41
406.96
829.07
19.67
898.71
435.68
295.86
668.36
459.10
914.18
720.04
83.68
626.68
665.33
936.01
328.77
460.30
592.71
182.80
52.40
887.05
322.43
129.09
179.69
248.02
620.13
394.37
556.27
852.37
27.89
172.20
400.27
270.56
415.62
602.62
448.02
494.01
321.64
993.78
679.30
494.75
797.87
508.06
265.74
624.18
790.08
657.13
436.30
555.52
268.56
293.00
390.71
611.64
558.97
587.69
808.96
583.47
990.02
743.02
672.98
995.76
136.79
121.43
162.32
285.19
686.47
570.99
841.00
991.26
250.44
32.86
614.59
126.37
457.69
62.39
936.20
838.29
68.90
386.94
591.85
455.12
976.34
475.29
233.83
345.38
584.19
653.23
814.43
223.95
946.01
701.04
312.34
121.12
687.25
843.76
991.06
205.89
796.04
275.77
984.45
988.15
384.58
533.68
954.08
419.98
188.09
251.72
106.52
534.45
184.64
544.57
440.52
663.57
847.36
170.95
652.86
647.91
334.58
221.54
839.00
565.47
726.82
768.18
248.35
605.41
170.67
62.03
302.49
557.72
159.59
18.86
257.02
542.33
727.17
562.87
202.05
763.21
500.48
257.33
499.85
889.54
360.21
165.61
999.54
116.83
182.70
544.91
260.45
106.10
41.09
809.42
8.20
916.18
703.63
35.42
618.77
345.43
492.36
727.60
705.40
724.32
525.88
407.64
898.18
91.14
343.77
729.20
16.55
373.09
457.79
515.95
25.27
347.28
566.94
698.49
770.95
505.14
700.00
66.00
665.87
675.59
174.94
244.59
130.68
838.12
648.52
607.94
58.73
948.47
182.36
217.69
557.42
701.76
48.82
976.30
984.46
538.68
711.61
482.09
291.25
149.53
170.03
704.10
232.64
845.53
447.19
280.99
979.81
958.06
539.29
815.26
425.78
603.73
453.11
871.76
448.03
984.87
243.71
436.21
269.56
658.80
749.63
194.03
473.14
647.39
670.55
336.03
96.55
762.39
412.86
470.45
961.55
596.90
29.78
756.84
228.77
404.29
39.36
444.82
377.65
437.32
521.36
214.53
640.13
191.16
599.44
537.34
692.77
809.21
434.61
862.55
287.88
369.49
971.97
296.30
558.58
816.79
757.77
497.82
136.11
697.26
764.63
256.99
784.48
737.81
726.97
116.94
76.78
390.25
271.03
40.66
839.77
669.47
701.00
637.91
305.91
603.73
354.51
612.48
359.65
221.84
601.97
855.84
738.28
368.36
371.66
687.04
48.32
598.66
380.62
884.79
969.84
33.97
194.45
989.26
569.01
233.79
571.78
307.66
692.47
383.22
60.50
302.35
634.93
803.99
205.90
81.88
817.84
208.93
88.22
720.77
117.29
983.50
753.24
62.79
710.08
430.46
707.80
998.57
256.56
82.54
749.41
449.99
244.69
867.52
400.61
523.44
55.63
846.28
116.10
303.28
977.89
866.48
795.01
910.45
394.45
209.47
577.48
530.99
252.57
785.87
290.96
820.54
589.69
502.36
871.61
601.86
436.62
160.54
296.59
210.01
36.89
563.43
99.48
705.69
394.22
904.87
860.28
870.61
797.09
813.06
666.80
917.37
413.89
377.45
86.51
380.40
317.61
435.16
750.30
367.79
746.72
429.15
606.96
637.46
662.91
908.32
259.41
14.43
858.99
412.77
45.70
583.34
465.39
567.89
451.64
181.27
300.18
546.14
412.15
438.02
330.35
650.73
454.80
193.11
288.38
898.86
571.51
76.87
498.96
122.60
973.71
46.21
929.49
535.16
904.94
118.13
133.08
203.23
513.01
339.72
981.39
519.14
140.34
314.74
174.33
536.78
895.13
294.12
719.93
879.43
972.17
573.87
198.03
907.94
398.59
199.06
742.51
190.95
298.39
861.59
517.07
130.41
927.75
467.56
92.73
407.56
535.69
627.69
513.67
534.53
169.39
518.20
238.42
124.08
44.58
265.78
623.91
965.29
220.05
840.99
443.90
960.38
218.99
436.63
928.29
423.32
618.28
960.41
384.64
529.44
381.97
548.49
616.39
104.11
702.80
181.56
150.40
344.54
840.15
902.41
277.36
380.06
614.87
444.99
784.44
274.99
944.52
744.51
645.32
214.77
49.95
148.85
263.59
966.46
880.21
787.94
157.19
468.46
880.35
902.30
536.21
734.85
354.89
277.84
911.97
946.10
416.36
421.40
420.27
736.91
29.97
533.64
66.71
261.86
75.22
756.78
862.07
872.90
436.26
695.45
792.13
645.22
78.14
56.11
720.64
214.39
523.82
214.98
820.83
461.94
681.78
672.14
879.09
750.88
530.05
375.51
529.94
101.97
237.02
229.33
628.48
393.61
116.47
576.39
931.48
901.89
902.13
305.39
471.16
964.76
132.78
323.03
182.74
366.85
714.47
91.46
881.96
685.64
642.96
992.45
397.50
610.49
236.47
741.53
358.88
83.10
460.47
285.68
487.99
932.00
303.48
150.64
100.62
885.56
350.42
990.21
1.28
664.80
335.69
773.46
12.06
19.21
947.48
726.07
908.57
262.31
902.00
612.65
649.49
954.93
533.34
41.26
759.78
62.25
563.02
739.01
3.59
758.15
605.32
930.85
905.49
277.88
419.25
20.53
153.59
371.40
339.91
27.97
545.82
625.02
497.58
477.17
80.06
417.48
443.96
479.82
948.56
968.45
151.68
370.61
226.82
857.73
728.65
164.66
967.16
951.95
789.38
964.58
623.29
62.31
34.54
77.51
746.78
904.88
999.38
44.40
518.71
743.97
232.46
920.90
20.90
0.74
410.88
901.99
328.93
50.47
871.70
872.62
369.62
682.94
588.32
150.38
772.99
587.99
149.57
487.18
975.38
337.51
441.52
970.52
479.16
981.22
702.87
576.26
773.66
962.02
421.12
882.45
214.70
565.66
234.53
324.56
126.09
387.14
364.58
21.47
615.04
401.06
954.38
342.34
202.58
281.18
503.32
358.79
187.37
418.13
741.92
218.48
448.85
386.25
469.51
859.59
683.66
67.61
520.33
182.94
482.33
805.18
1.30
156.39
160.97
484.54
487.39
908.12
954.93
997.94
650.33
553.62
157.20
993.96
494.90
197.43
890.73
562.23
29.83
648.30
847.10
849.37
714.37
692.51
873.69
52.51
321.23
252.93
476.55
195.32
67.53
53.40
420.26
446.61
250.89
91.66
299.34
676.71
691.72
702.24
886.08
499.46
328.37
685.05
907.57
508.62
414.22
888.30
202.15
547.84
949.23
479.39
170.92
796.03
942.91
259.86
631.30
953.28
855.30
889.79
985.54
804.71
398.18
564.61
75.34
76.28
241.66
16.20
119.96
277.25
739.98
747.06
928.50
749.21
344.59
525.67
793.72
292.89
73.12
921.33
96.68
943.14
802.97
893.22
272.69
655.68
719.24
713.96
255.58
766.45
776.74
968.73
933.37
188.68
897.31
965.20
146.11
352.16
325.25
274.55
131.28
452.78
437.76
728.99
727.65
473.58
599.63
191.71
75.39
158.57
644.84
701.99
732.70
96.28
404.79
19.57
266.90
807.07
877.32
251.99
800.44
299.10
237.32
123.36
213.53
682.85
387.02
887.29
759.10
498.28
599.27
203.64
715.09
123.84
847.08
778.22
479.89
790.77
311.06
93.22
11.09
335.09
427.55
549.69
275.39
27.67
718.34
180.75
423.39
162.06
841.50
278.40
505.22
976.92
733.19
401.54
806.99
583.23
229.65
81.76
418.34
820.46
664.51
590.72
22.72
156.16
505.76
622.04
502.88
451.33
506.20
854.83
116.14
882.75
22.28
750.49
393.79
25.30
535.60
530.30
771.44
335.92
842.62
916.85
389.51
516.16
611.96
907.42
540.73
674.61
364.99
294.13
743.36
865.61
955.70
108.48
51.95
622.89
555.63
985.49
941.32
554.26
445.22
907.57
203.02
195.42
445.12
490.08
225.97
607.83
355.93
132.91
30.30
861.72
594.35
13.10
3.11
237.13
774.73
720.28
231.15
15.78
104.73
607.50
602.67
853.05
125.47
785.49
259.23
505.73
2.66
711.63
757.60
26.16
862.06
390.05
195.09
437.20
660.45
951.47
522.48
741.56
973.37
401.90
696.54
992.12
438.16
141.59
187.45
709.09
528.17
242.81
889.27
590.18
827.60
192.98
873.45
643.11
271.65
223.91
752.52
417.90
510.57
20.66
610.23
194.25
167.44
720.40
439.44
511.00
707.19
124.25
953.21
410.97
361.04
617.40
619.20
982.79
860.90
945.29
318.72
769.66
193.24
355.50
443.09
734.73
958.40
701.74
55.91
87.35
183.63
339.00
821.44
251.23
506.17
304.15
148.93
51.15
220.24
131.12
872.39
815.97
626.68
333.02
180.85
146.45
399.27
65.36
842.52
238.06
574.00
341.35
366.49
358.36
366.31
132.90
71.54
264.35
680.42
905.15
445.38
813.03
756.14
172.30
514.31
960.70
941.23
255.89
510.29
602.68
131.72
741.58
750.07
811.31
938.20
720.64
369.87
413.86
857.01
58.67
695.52
496.86
194.79
272.20
306.32
820.09
551.87
326.74
640.44
941.20
863.59
216.85
256.70
287.21
480.98
566.17
771.98
499.41
991.65
62.87
660.97
394.15
810.52
9.29
430.45
873.12
784.98
363.07
428.79
683.72
623.33
322.07
607.30
495.71
118.00
228.09
118.00
948.21
649.71
487.90
978.20
173.30
319.89
820.86
666.43
550.33
905.57
45.01
403.47
154.26
972.67
939.79
93.63
796.39
511.98
327.89
425.99
185.20
726.60
213.10
883.13
643.25
708.55
229.51
539.75
903.10
450.01
299.08
395.36
265.28
409.53
93.76
98.17
385.54
295.43
611.95
166.21
301.02
556.75
264.47
277.35
280.54
919.98
66.13
473.31
856.48
574.47
533.03
515.14
718.54
998.47
514.73
746.07
550.55
305.63
458.16
281.72
444.24
7.61
794.73
696.05
452.80
187.82
934.06
38.17
941.99
87.17
244.42
259.13
357.53
253.02
831.65
258.66
162.79
283.34
323.12
71.33
458.45
4.79
681.48
242.37
301.60
876.53
432.59
177.12
580.50
490.40
228.37
996.03
532.71
746.23
882.57
373.59
323.44
890.09
708.98
237.32
867.73
758.78
75.91
100.41
646.13
392.21
895.62
325.30
880.18
357.44
518.09
128.72
879.99
692.50
854.26
699.21
203.84
423.41
709.61
671.90
132.41
26.17
541.74
804.74
215.85
173.10
463.80
365.97
771.21
997.87
695.86
231.43
846.83
158.18
463.33
529.20
728.75
467.36
620.60
518.36
688.86
225.66
437.68
895.10
404.75
367.39
703.38
579.62
637.15
7.03
235.60
254.18
75.47
173.87
63.22
702.28
49.77
988.23
558.29
818.26
436.54
23.02
916.14
185.50
152.07
965.94
543.56
311.11
385.24
366.17
953.26
666.32
738.32
182.29
60.21
755.25
699.89
365.95
371.70
621.20
737.38
157.99
173.29
438.59
592.68
415.46
241.43
394.68
357.02
395.40
277.58
732.50
238.80
63.92
991.23
619.97
162.19
561.19
373.27
393.02
745.71
270.07
117.46
938.83
953.41
339.00
521.64
3.75
525.25
949.08
213.11
965.58
689.64
291.10
601.60
409.96
471.74
965.97
972.79
680.02
927.49
983.04
955.69
441.06
246.58
859.04
167.84
521.68
601.76
252.00
376.68
399.07
439.09
676.99
722.55
77.44
713.07
928.15
761.96
813.77
919.77
221.50
756.99
261.87
190.49
278.34
856.70
929.95
48.22
22.65
9.81
878.81
808.46
170.78
801.27
229.69
533.11
5.61
352.07
294.96
756.16
742.29
919.99
709.15
888.38
680.93
395.18
107.05
616.49
91.25
226.14
242.23
356.34
280.65
96.51
161.71
966.24
219.17
258.43
803.33
519.07
191.12
639.64
296.77
624.82
366.72
404.66
621.33
926.57
983.78
773.05
78.17
733.08
215.70
172.94
43.48
885.44
472.43
466.17
762.99
798.10
512.52
444.72
126.53
981.83
943.07
555.72
86.18
41.83
180.38
919.99
760.35
296.44
248.68
923.99
401.76
753.38
260.12
240.65
148.28
478.28
111.28
173.03
699.83
723.03
486.54
859.63
585.58
72.73
470.69
670.61
72.60
144.69
396.07
29.56
153.10
441.63
0.17
419.90
209.59
818.27
599.62
907.11
16.84
467.40
873.93
557.29
277.83
806.51
521.11
357.22
663.96
81.39
666.60
141.83
220.74
999.89
302.83
663.97
496.52
751.39
64.72
378.35
82.04
723.71
53.37
60.24
485.21
759.34
647.08
846.64
112.16
594.36
346.18
701.95
211.86
1.49
936.10
238.10
271.80
566.21
420.04
174.10
713.53
969.03
238.44
733.36
871.36
28.56
963.16
89.71
868.75
757.95
714.51
617.17
69.03
464.72
804.28
234.03
606.87
863.90
903.34
353.40
911.01
247.69
381.75
196.85
745.11
893.25
676.61
849.43
441.84
813.41
708.16
283.12
686.10
178.24
138.53
521.26
425.36
151.71
681.08
448.87
517.06
790.62
866.21
535.61
864.72
472.10
200.34
224.71
917.90
125.80
790.89
882.93
828.39
790.76
640.80
18.14
669.83
969.78
733.59
689.51
965.94
714.11
166.69
546.31
957.85
434.72
618.54
632.85
69.87
642.04
459.11
170.79
621.07
868.43
694.80
390.16
514.86
285.92
355.42
496.05
47.85
464.26
154.62
783.43
547.38
35.45
482.58
613.24
378.46
382.04
299.15
192.81
337.14
309.18
582.84
695.28
658.52
602.08
293.44
188.57
661.29
348.51
788.52
838.57
431.38
845.32
434.15
169.40
830.39
325.38
924.37
462.68
459.42
781.85
401.34
496.35
87.08
415.60
667.01
836.41
911.90
534.41
553.84
642.06
177.32
600.02
72.95
914.04
811.77
979.27
168.61
414.19
425.90
602.55
393.76
341.21
402.69
304.17
770.41
429.06
729.09
949.37
492.32
859.00
59.44
54.63
133.86
5.86
996.27
623.93
584.04
705.50
68.12
381.22
119.94
817.81
68.59
146.08
374.49
291.10
322.95
24.29
734.88
782.94
678.43
320.34
204.38
172.97
588.70
269.32
639.33
61.93
77.90
639.14
940.72
366.83
342.88
903.41
366.11
91.51
977.75
886.82
456.68
193.07
567.28
847.26
688.47
203.80
626.11
659.41
288.21
516.38
345.03
947.27
412.70
60.28
717.92
986.05
853.14
609.20
363.77
805.52
731.51
900.26
548.86
669.06
174.14
358.23
227.81
738.65
970.07
37.32
126.00
523.95
938.93
11.49
424.61
337.31
728.05
229.48
134.04
658.17
623.31
306.94
537.42
452.07
667.65
419.62
594.68
792.56
330.98
823.27
275.22
294.84
69.98
645.40
583.65
429.66
82.50
80.48
391.45
91.79
719.80
6.19
648.74
127.89
470.22
659.42
459.66
235.59
517.77
789.98
113.35
576.01
593.99
975.49
478.35
359.84
510.18
80.01
761.87
484.68
316.28
612.93
277.45
324.90
18.01
89.75
106.18
134.35
688.82
941.48
925.65
585.70
692.14
147.29
225.59
667.18
384.88
747.82
670.64
362.98
743.92
743.33
672.66
374.55
504.33
270.62
434.19
817.92
225.92
42.43
853.07
166.27
512.49
865.20
513.80
34.18
952.03
102.45
835.18
518.26
424.59
421.20
878.39
188.48
846.20
43.35
36.70
320.31
353.12
586.26
988.70
640.29
482.97
135.70
607.82
824.13
319.55
189.76
958.39
478.67
953.36
271.53
150.11
103.61
140.02
387.24
749.05
238.06
266.83
474.54
848.39
610.08
228.70
378.41
878.20
435.04
275.96
338.34
841.53
205.49
901.61
294.91
483.30
433.05
374.46
981.83
472.23
177.30
684.54
745.88
151.81
270.07
181.99
732.33
188.67
219.41
63.00
511.68
653.85
663.20
57.86
330.76
664.72
192.40
889.47
38.27
16.24
376.42
789.80
943.88
651.49
942.12
713.21
1.96
245.66
819.34
73.46
619.68
130.23
189.72
367.48
735.56
843.56
206.62
786.34
714.14
335.87
203.95
729.38
740.07
459.28
733.53
299.43
691.99
50.91
740.64
399.65
487.21
754.31
902.06
705.48
22.36
278.14
872.83
338.41
613.35
647.32
675.29
518.38
421.52
125.23
170.09
959.94
10.08
838.90
207.70
280.96
97.46
116.48
410.92
598.34
283.48
925.61
716.85
766.89
197.24
811.46
460.79
755.04
4.78
141.67
523.62
24.41
539.56
696.60
670.64
999.82
423.47
623.84
329.03
175.76
606.18
690.90
365.02
486.13
588.07
411.54
45.92
714.03
620.52
517.32
960.14
891.24
767.09
978.39
0.33
781.21
149.65
748.02
572.11
356.36
820.69
415.48
347.63
183.48
945.36
333.99
568.14
82.98
471.90
791.84
266.18
227.07
347.14
605.74
374.64
606.07
6.80
814.45
527.46
151.37
503.27
349.60
952.09
269.61
592.68
76.10
516.19
677.68
349.86
320.62
262.11
131.96
810.98
764.04
229.32
186.20
670.14
332.91
108.39
347.24
729.68
633.93
910.19
932.34
77.40
628.90
372.66
735.16
311.75
704.42
827.33
584.42
505.67
480.66
777.88
351.38
697.29
677.05
232.25
96.12
752.94
255.33
162.33
151.28
726.24
698.69
137.63
501.30
770.67
774.67
624.59
976.93
699.47
88.02
405.79
313.53
116.65
525.94
696.79
479.07
608.59
267.13
357.28
562.88
99.76
750.68
525.19
680.47
267.35
258.66
297.75
183.69
832.22
417.72
953.45
76.33
980.42
327.10
433.95
950.09
518.61
203.58
512.37
50.30
862.24
189.84
936.61
821.53
654.91
633.51
645.62
27.57
623.27
502.92
885.01
241.04
431.23
813.95
65.39
701.08
181.00
865.76
742.70
650.95
331.06
488.95
667.30
59.38
314.40
901.76
267.36
234.96
366.43
595.52
620.39
829.88
833.50
431.37
676.71
485.02
111.30
5.71
380.27
669.99
411.26
952.58
835.71
613.31
662.17
504.24
803.71
422.83
331.09
813.96
826.66
749.44
886.37
76.91
416.07
785.42
979.69
255.07
399.06
206.34
124.70
937.47
433.67
95.57
284.57
521.84
288.20
772.47
258.13
805.66
825.20
773.37
671.15
908.09
478.06
672.20
199.54
856.87
477.27
858.49
116.64
462.42
585.41
550.66
935.52
295.47
133.90
165.73
427.75
114.95
2.32
544.55
857.19
210.01
546.32
754.37
319.96
767.65
486.53
438.57
643.77
139.14
393.80
509.07
115.40
607.60
563.80
920.50
189.88
496.84
55.59
270.35
454.90
590.94
306.64
619.08
908.25
474.61
520.96
406.51
299.16
745.33
181.52
777.13
967.76
775.45
864.67
292.38
113.21
826.14
988.74
545.93
18.45
537.70
109.91
975.56
865.58
155.82
117.26
168.29
438.82
556.26
567.58
353.42
937.43
273.67
460.88
244.57
248.94
426.85
559.43
222.51
580.70
346.88
929.59
606.32
73.68
601.48
588.74
2.64
265.37
259.31
580.23
345.00
502.19
191.23
824.54
580.62
657.02
671.85
823.26
449.17
455.88
691.85
532.44
490.30
800.03
317.12
273.73
878.20
502.31
791.71
52.21
837.42
891.36
642.68
604.57
895.34
97.93
376.34
757.53
788.47
458.39
449.66
924.13
629.20
935.03
460.86
839.09
962.62
751.02
34.93
670.07
903.72
559.90
698.09
173.31
789.73
317.68
653.66
451.33
134.44
412.79
305.31
839.38
859.24
899.05
707.91
59.18
556.31
303.79
812.57
916.07
893.72
767.94
902.29
257.72
833.02
24.52
407.54
117.07
740.23
423.10
899.66
694.77
193.75
667.66
597.41
690.74
774.99
160.44
951.32
823.18
991.47
565.03
53.85
750.88
738.75
237.96
831.48
278.25
968.71
405.38
222.47
456.23
902.98
734.78
737.52
379.03
134.64
212.28
0.72
410.62
334.87
421.97
347.92
890.45
335.46
155.86
205.21
951.80
876.25
894.59
728.98
55.40
751.92
875.53
130.70
998.41
549.77
638.84
730.58
738.75
479.28
748.00
553.22
555.03
392.13
12.15
543.13
816.31
530.57
142.39
283.54
179.13
334.23
773.23
198.43
270.16
801.33
224.01
939.23
844.45
898.41
11.77
614.92
438.71
736.90
597.41
200.92
886.72
171.31
444.45
491.22
666.67
549.05
239.20
950.61
919.70
100.74
501.26
680.78
333.05
173.49
789.97
788.09
410.20
610.99
969.85
789.12
383.68
175.93
48.56
214.58
836.54
282.28
601.61
985.32
387.25
646.68
766.16
880.66
700.94
280.12
214.13
206.54
582.62
911.01
458.73
404.18
829.93
703.06
183.38
832.72
645.48
199.76
881.54
481.68
119.74
457.45
547.08
390.29
804.31
131.03
227.52
252.90
961.17
427.89
755.05
398.94
175.52
542.88
585.59
280.45
622.18
254.26
124.51
725.00
190.30
233.77
757.77
656.24
197.68
893.08
315.43
812.63
825.22
518.63
440.49
437.72
767.72
866.50
725.61
875.54
266.77
443.39
658.87
988.14
359.11
746.70
845.94
169.20
651.10
575.56
288.13
200.77
677.24
182.82
252.71
975.30
634.85
362.17
205.18
186.83
90.89
459.98
85.08
741.24
916.49
989.82
255.95
428.38
73.90
788.02
450.24
698.99
718.73
441.32
894.22
967.51
57.91
410.12
751.28
573.38
415.55
569.50
654.37
889.09
231.38
731.76
521.48
318.15
156.38
511.18
855.89
553.11
956.41
271.81
83.62
62.56
632.02
271.68
715.34
368.03
709.53
841.74
855.89
345.55
242.37
577.42
794.99
884.15
782.46
412.80
709.79
917.36
495.11
244.98
304.16
633.95
759.93
860.58
144.13
265.86
163.87
248.73
991.44
362.05
619.13
557.62
581.88
64.55
500.63
410.40
629.93
578.26
713.01
846.66
289.06
142.36
89.68
259.76
953.20
700.55
479.21
615.68
32.66
388.55
895.85
776.47
804.33
409.09
943.96
963.37
195.00
835.44
516.39
236.14
586.94
921.88
705.50
881.75
690.20
966.84
660.53
9.62
798.82
597.39
660.27
164.88
432.12
258.43
703.82
895.53
448.43
260.63
64.26
295.46
187.58
466.23
801.18
191.94
631.00
408.58
519.72
526.96
193.45
557.67
783.17
830.45
672.39
505.28
962.89
923.65
481.97
503.21
370.43
757.75
368.60
475.54
959.11
485.47
913.24
68.94
271.62
279.63
136.38
18.24
225.47
3.44
845.66
413.38
802.65
524.04
795.86
986.37
321.34
138.61
324.13
78.83
433.30
557.97
73.79
799.37
365.04
880.16
38.99
189.55
788.94
367.02
804.57
388.29
629.73
448.08
932.15
166.32
430.76
888.59
700.33
259.59
379.31
910.08
556.03
906.43
95.65
52.84
751.10
980.33
852.68
466.25
971.61
749.06
918.86
564.27
687.55
442.21
300.00
257.20
895.56
631.22
76.30
23.21
525.79
409.16
311.62
489.79
955.96
713.45
951.47
182.47
432.91
989.48
260.89
758.85
942.89
786.55
200.77
172.47
126.01
610.60
383.73
24.88
448.29
801.46
907.20
536.95
333.15
705.81
951.61
923.71
772.48
52.32
960.08
113.40
319.37
720.07
881.22
171.84
231.42
943.53
147.84
901.53
762.46
845.49
67.19
187.75
525.71
388.45
706.38
853.56
97.30
238.88
49.84
849.54
426.68
647.73
176.41
293.46
579.60
274.45
402.75
318.00
294.65
387.26
967.53
761.91
580.91
623.13
664.42
976.00
220.55
813.81
505.25
992.65
982.87
324.68
362.58
229.75
192.23
440.11
692.37
334.91
958.17
132.99
307.31
660.40
611.43
809.69
685.49
97.55
118.55
738.00
738.68
348.96
466.06
292.41
751.67
216.19
905.80
461.67
419.87
209.14
791.58
103.30
768.35
625.40
260.65
778.55
651.05
651.86
871.24
664.47
98.87
303.98
965.82
692.89
167.64
648.73
987.28
434.79
779.67
951.12
977.39
634.66
683.88
860.19
649.36
366.80
525.38
262.03
880.79
741.39
457.78
25.94
753.07
458.78
25.91
633.94
538.10
487.56
188.04
854.37
738.53
65.98
860.39
800.48
323.65
870.75
903.71
692.28
637.95
396.03
785.26
297.69
533.41
692.27
150.46
65.53
316.10
444.79
701.99
28.27
689.21
524.22
549.64
294.87
641.16
264.96
53.42
845.07
202.56
70.65
813.34
137.35
387.98
15.14
354.79
251.03
253.06
161.55
802.72
278.12
816.57
990.83
905.13
676.97
632.95
702.77
310.69
690.02
934.84
461.15
100.78
617.00
881.14
168.12
811.14
48.15
27.49
605.62
257.25
802.61
561.20
912.99
339.20
375.94
694.60
776.54
145.41
991.53
340.12
417.77
522.69
240.59
306.30
162.76
316.04
128.40
863.95
257.65
941.98
275.41
195.02
65.00
581.30
432.83
343.49
121.53
264.32
192.03
721.98
74.15
987.67
423.89
87.46
126.32
416.30
935.40
488.27
299.95
768.44
527.42
323.41
417.90
917.11
663.86
115.85
926.83
783.44
218.22
113.48
878.44
716.54
882.79
816.44
280.25
918.12
754.31
821.60
577.76
546.23
802.46
469.27
136.42
256.47
519.12
136.23
720.67
620.50
851.25
803.43
802.99
559.73
56.51
712.16
892.08
59.20
587.77
471.16
288.12
290.82
751.65
517.11
635.56
726.28
54.47
183.18
597.04
926.85
111.06
251.18
981.65
739.09
556.07
965.32
388.06
827.01
996.55
808.48
189.39
445.44
324.33
906.41
819.26
332.63
815.23
571.47
512.20
377.29
447.56
394.13
760.57
54.03
340.61
902.82
915.39
671.45
682.73
393.43
804.30
588.82
56.26
518.07
193.98
390.65
996.81
864.70
15.53
17.75
467.34
129.33
767.79
861.96
388.58
18.35
326.64
587.07
835.35
632.05
728.72
654.60
979.76
115.38
391.53
9.99
271.88
25.23
744.49
927.26
923.65
894.94
517.50
49.85
246.20
36.76
688.35
448.58
734.54
661.88
293.44
811.80
39.19
678.53
272.10
779.49
127.49
810.88
331.44
851.47
422.10
400.71
779.42
594.74
713.38
998.55
302.06
255.98
454.75
963.50
414.38
506.02
544.36
267.86
949.31
599.89
108.59
173.85
388.79
197.96
84.13
734.91
278.07
926.13
983.49
320.96
150.63
664.80
189.42
124.18
314.89
499.60
586.99
78.32
458.35
62.86
492.89
604.22
459.15
475.94
139.48
131.63
241.95
499.72
223.30
850.04
265.71
247.78
333.71
574.96
984.85
969.96
332.34
235.72
849.79
211.77
290.08
189.16
189.27
645.96
984.93
82.68
601.22
831.08
21.71
569.01
24.31
267.72
532.27
688.77
798.96
843.93
337.73
605.25
313.61
719.57
981.21
147.05
851.31
991.51
536.96
291.35
413.65
788.77
661.63
370.12
519.91
202.86
650.07
592.98
546.86
85.66
751.40
763.73
411.56
808.23
875.29
44.63
932.26
509.24
882.07
125.45
940.56
486.09
312.71
990.84
62.78
627.13
627.64
123.76
236.16
269.96
721.33
752.46
970.73
803.57
819.80
31.82
468.94
587.15
399.57
511.38
726.94
488.73
4.77
335.61
974.04
513.28
749.30
105.71
242.24
152.80
754.43
312.10
495.27
500.26
385.86
434.97
804.36
364.81
662.78
178.41
743.63
573.35
32.35
820.22
422.90
955.94
121.12
387.79
117.72
214.19
228.69
539.78
765.52
600.43
842.52
354.56
917.89
217.56
322.43
991.15
875.20
687.97
919.67
485.37
776.87
756.70
137.82
681.83
171.37
512.22
737.43
419.82
864.78
117.03
610.84
822.36
302.24
73.42
105.94
604.39
512.84
677.65
842.61
767.51
820.82
918.60
316.51
466.76
155.43
111.88
68.52
765.79
941.76
930.86
953.31
953.57
793.98
570.86
184.87
981.52
39.08
674.85
10.80
870.39
850.02
466.84
944.58
446.96
230.09
21.43
50.07
18.35
702.41
573.17
722.14
246.59
452.17
968.08
993.42
339.71
941.06
172.53
140.74
965.17
434.70
891.43
74.05
86.05
318.78
561.69
224.85
172.50
234.36
947.28
295.20
83.06
910.41
512.15
168.99
531.33
798.05
763.24
745.15
704.94
499.03
38.55
37.18
911.87
30.05
311.30
945.68
47.45
82.78
278.76
694.05
71.34
81.12
403.50
646.08
954.91
544.57
330.08
194.59
741.58
346.34
138.75
458.58
834.22
518.95
794.67
219.93
663.99
836.64
446.89
463.09
682.13
54.75
871.54
785.19
73.22
966.20
149.75
14.44
10.29
819.72
919.64
84.41
338.94
662.64
214.34
804.44
844.97
97.30
678.96
509.34
396.70
806.59
364.27
332.61
236.56
573.80
624.64
582.96
310.17
579.96
600.11
561.55
329.88
175.47
183.16
708.63
898.16
448.06
941.45
767.43
520.71
714.40
103.26
104.17
701.54
522.67
132.72
913.12
903.03
612.93
30.43
283.87
246.94
624.38
211.23
580.06
968.18
883.17
90.23
9.50
617.65
6.64
400.64
207.62
571.52
306.90
488.53
324.90
695.30
486.88
846.39
350.69
620.94
827.86
694.90
441.96
416.25
273.63
157.59
391.35
185.74
216.82
190.87
223.44
368.67
453.88
644.22
46.50
840.14
123.57
709.96
219.63
103.96
260.95
50.47
440.64
574.99
398.08
916.60
315.11
271.18
132.56
545.68
56.32
515.13
174.16
442.80
97.63
674.78
658.26
85.87
462.00
58.21
994.77
396.87
916.12
256.74
170.58
994.60
858.49
542.50
819.23
486.82
133.88
245.13
303.64
787.66
431.91
409.84
197.84
292.50
652.36
508.46
297.10
337.24
315.30
282.24
853.56
189.63
650.86
10.68
71.44
603.55
538.30
465.32
897.90
560.85
323.72
340.28
303.16
736.95
862.94
213.07
66.71
672.42
930.69
653.58
450.80
414.52
402.84
795.16
424.12
365.63
953.37
949.11
696.42
507.05
743.61
770.21
436.80
420.88
699.42
438.21
847.94
577.56
891.76
674.10
790.82
31.17
864.76
642.44
846.97
416.31
374.67
948.71
815.82
822.75
392.06
495.00
678.35
322.70
730.42
766.59
835.58
306.22
231.63
69.78
561.29
219.90
359.88
766.05
894.71
588.84
24.98
299.22
900.37
589.46
973.40
286.73
865.64
721.58
343.15
62.39
741.20
148.70
216.08
166.27
304.71
965.67
738.44
88.36
436.78
31.76
883.25
17.77
493.20
748.89
684.08
575.80
143.39
273.34
138.73
537.76
783.59
805.59
730.18
19.41
979.28
636.66
682.78
495.38
227.65
821.12
302.68
295.43
509.51
773.62
146.62
54.96
327.21
379.19
553.53
855.70
192.96
923.02
75.15
662.26
431.48
885.12
255.47
593.47
1.96
872.48
255.92
634.83
619.41
591.66
361.45
42.22
933.30
5.71
223.74
505.55
654.46
632.37
4.67
543.55
374.75
693.23
596.65
762.84
206.77
928.03
469.43
353.16
474.08
16.59
275.82
708.44
968.89
501.40
110.33
94.67
326.27
820.28
647.42
854.24
480.55
624.48
155.20
670.98
346.59
523.81
92.62
835.75
426.08
206.87
667.39
962.91
894.18
520.95
625.65
861.92
439.36
190.53
367.88
423.18
403.26
782.20
886.36
559.30
992.02
641.00
890.71
331.54
681.81
301.22
883.34
617.67
835.67
918.96
751.11
176.83
628.12
441.63
869.81
91.22
459.30
131.69
65.37
490.80
200.33
108.18
247.93
991.52
174.52
135.80
361.82
807.61
806.09
435.32
775.09
489.61
592.87
269.81
247.50
120.83
760.13
72.31
503.39
708.48
871.78
314.81
749.50
238.99
590.45
114.01
151.26
641.13
995.30
619.10
175.20
395.14
33.86
527.79
849.28
360.32
788.93
410.07
917.77
29.57
932.05
254.69
211.77
939.09
337.32
789.08
908.14
311.21
530.23
561.65
960.64
178.11
197.95
455.00
791.21
473.06
684.22
890.41
879.35
224.44
860.82
149.15
379.00
744.34
365.99
406.64
524.07
660.64
536.59
553.91
802.29
887.38
964.89
608.99
288.78
105.37
372.95
389.30
230.38
644.16
154.04
328.59
120.80
976.16
587.29
237.91
939.50
794.08
963.50
843.58
626.32
39.32
319.34
591.02
381.57
534.72
493.10
216.66
541.13
352.75
700.14
13.11
797.46
407.88
207.64
239.16
630.23
227.31
586.40
353.01
441.16
703.74
362.83
833.45
987.09
84.83
789.42
876.96
809.99
436.65
429.74
202.12
178.73
553.05
327.29
720.85
524.31
81.49
139.93
877.70
131.67
798.91
495.79
159.73
884.48
8.43
947.36
275.65
730.63
368.23
300.50
729.92
227.51
86.96
584.41
36.30
324.39
887.90
865.08
781.72
463.56
673.45
692.89
624.10
0.07
453.96
503.52
388.43
990.39
34.15
281.61
16.93
73.48
517.90
686.55
668.39
431.12
384.90
145.62
258.93
49.83
469.09
484.58
595.75
447.61
343.98
723.95
662.81
90.29
82.59
779.17
2.67
170.72
789.78
976.23
232.48
728.78
970.09
193.40
497.03
137.28
422.89
959.75
316.42
888.70
121.80
289.03
57.85
165.98
597.83
951.32
918.79
597.81
177.81
655.52
552.95
716.82
323.41
783.04
159.37
63.24
759.72
111.74
796.24
257.29
369.62
450.36
526.75
107.35
799.11
168.34
855.73
914.08
601.72
933.23
359.09
708.10
556.78
390.08
382.09
487.60
862.03
827.69
413.01
415.95
817.41
686.75
790.34
291.00
366.01
99.73
901.36
399.79
288.19
669.39
292.44
586.52
119.32
506.56
231.28
97.65
56.34
786.68
577.67
606.48
983.59
994.24
126.14
449.88
648.56
60.18
196.59
911.36
933.79
120.88
203.38
652.06
153.35
338.99
951.19
860.56
353.97
100.39
236.76
688.11
120.16
643.95
833.05
228.50
891.01
371.01
977.17
435.50
289.07
131.36
579.12
851.65
43.21
954.07
674.27
24.06
484.27
12.17
553.32
536.27
179.83
34.04
729.86
984.86
64.58
287.89
556.42
742.27
357.92
379.87
727.77
430.88
66.48
249.55
234.97
956.39
42.97
180.84
910.59
803.40
595.52
126.08
654.82
487.83
118.22
743.55
572.51
208.44
93.73
192.28
729.93
409.01
424.64
416.40
757.60
990.33
488.94
542.38
576.22
585.50
839.77
332.59
289.61
717.85
647.85
758.45
176.86
890.27
190.37
176.95
176.36
462.60
773.34
549.96
125.31
628.90
56.40
334.88
261.98
182.71
733.64
570.68
38.46
273.83
91.69
551.30
145.61
781.67
193.84
36.67
887.63
528.43
720.60
225.09
448.22
543.50
600.63
13.77
917.69
734.38
300.33
14.57
605.64
697.61
934.20
315.67
178.51
8.44
110.20
370.85
174.43
983.76
436.41
612.96
160.04
768.25
141.72
374.43
435.47
960.84
295.72
180.07
418.05
95.89
936.39
457.94
525.13
566.80
898.39
314.48
307.40
913.45
664.85
937.68
51.26
202.73
109.77
358.91
791.73
82.96
760.29
663.15
560.27
284.91
923.14
904.36
333.97
917.79
803.86
413.47
291.29
712.82
477.41
204.00
817.64
190.24
601.54
30.62
940.16
279.88
519.90
982.27
866.86
725.87
953.30
692.98
720.55
789.08
859.26
759.62
660.53
5.76
888.76
80.65
529.50
893.70
478.57
118.79
566.56
178.74
337.90
51.73
565.95
90.14
853.85
852.18
537.47
306.74
961.47
931.35
429.30
481.29
339.95
286.22
252.22
39.39
533.46
644.16
850.31
290.45
708.44
974.18
913.64
250.67
316.05
782.79
115.23
407.88
107.23
778.57
36.90
902.26
946.08
338.88
42.06
791.87
778.22
392.33
685.13
17.91
666.35
154.88
460.44
753.34
397.39
904.37
176.78
340.88
337.99
586.79
791.83
699.62
601.73
946.37
348.98
872.40
741.20
478.96
21.13
735.13
9.15
922.69
800.79
865.14
429.57
181.07
360.49
719.43
773.73
338.77
345.25
777.12
366.28
178.86
608.67
935.34
837.51
173.76
201.63
654.72
781.13
507.13
345.05
587.88
842.15
501.21
561.09
595.41
354.87
106.03
795.98
897.55
564.28
920.70
479.14
619.71
88.89
466.12
360.31
819.36
389.03
16.18
450.57
490.31
880.26
233.95
733.12
81.85
361.76
138.02
275.49
394.36
581.67
32.35
407.07
57.57
692.26
794.23
38.54
678.59
792.29
406.74
427.94
563.99
628.28
538.30
203.54
706.25
977.00
785.08
760.08
555.91
565.35
285.29
860.92
118.14
779.24
912.42
68.80
237.41
628.04
971.60
237.02
390.26
224.92
141.92
626.63
506.68
105.83
459.59
931.20
623.13
590.42
917.51
544.92
134.02
631.68
916.38
806.98
143.45
996.42
777.27
43.90
196.69
957.14
832.13
724.77
347.15
54.99
850.51
29.42
274.31
457.96
120.59
856.73
970.06
382.18
655.93
449.64
257.61
909.14
77.96
524.45
779.96
747.56
114.12
500.20
406.07
113.63
579.18
212.57
192.62
668.10
803.52
46.66
466.93
967.93
892.08
491.72
731.61
567.27
408.52
307.14
541.46
941.62
119.12
245.08
212.18
750.75
784.09
517.54
401.82
103.13
429.56
551.90
891.01
599.55
708.46
480.39
634.90
957.77
421.05
665.22
370.48
302.21
997.92
937.66
910.35
179.12
529.32
618.64
541.09
709.24
959.37
383.34
687.09
25.49
52.55
749.99
795.13
43.53
750.79
507.90
454.65
275.62
910.05
968.59
341.31
226.25
65.19
951.85
163.61
868.73
750.93
826.43
485.20
91.48
756.76
681.54
644.34
882.90
432.40
694.11
601.46
191.31
978.80
987.16
530.76
499.90
182.93
854.88
507.23
886.48
605.54
952.20
519.55
693.16
427.20
221.93
903.05
650.54
641.49
140.53
846.25
101.42
630.55
397.46
729.30
982.20
68.05
858.27
835.18
652.20
709.48
402.77
348.66
660.88
548.67
341.36
151.67
473.98
844.14
798.08
269.63
702.79
474.15
871.52
804.20
203.10
38.54
367.95
897.37
208.06
239.15
300.93
997.63
290.85
718.73
170.42
425.31
389.40
468.21
710.14
47.05
921.03
822.24
58.84
954.14
838.25
502.86
578.04
551.97
62.02
757.04
402.86
927.78
595.53
622.70
316.15
585.59
14.14
278.29
247.33
647.97
437.98
159.77
954.81
178.41
928.79
593.08
476.89
683.70
740.74
393.93
824.51
689.79
871.70
28.28
486.36
913.72
754.30
907.07
341.01
666.90
445.79
28.51
805.54
426.90
278.52
254.01
875.17
761.35
581.00
55.04
772.97
118.87
82.16
156.88
483.54
954.63
762.63
417.56
732.46
344.61
237.84
229.90
787.07
724.88
790.93
835.30
412.67
697.53
659.36
125.15
555.07
785.20
423.20
475.41
454.83
851.36
704.06
412.69
288.75
374.78
380.49
100.77
650.35
620.17
855.66
530.94
696.31
849.98
384.12
772.61
604.35
531.33
255.84
356.82
457.99
945.62
597.71
766.17
162.53
296.30
261.80
452.34
369.45
551.37
540.08
756.92
53.52
648.92
190.74
18.94
910.97
401.59
81.03
907.85
929.34
723.51
963.63
72.44
580.75
108.12
500.57
109.32
848.65
959.56
504.78
463.75
278.49
772.82
754.07
367.38
468.45
659.25
919.66
786.73
545.18
833.48
888.45
653.21
408.00
521.10
937.35
117.96
418.44
273.79
404.50
201.84
888.46
540.39
28.65
549.68
764.72
44.61
721.43
417.30
902.94
933.33
230.20
304.90
64.99
615.69
783.29
981.31
297.77
611.50
553.14
695.46
893.52
580.79
388.09
700.97
992.81
184.56
807.01
708.10
252.16
468.46
177.75
608.21
655.63
375.96
277.83
151.27
220.18
813.38
855.40
808.87
135.93
142.31
586.79
541.17
439.21
76.29
54.07
747.55
182.69
287.17
185.18
267.55
35.36
369.75
982.42
655.91
396.19
434.79
928.39
866.79
299.96
348.19
814.51
733.40
143.51
436.48
163.16
781.98
135.19
325.69
971.60
230.39
956.08
262.96
619.72
574.62
540.56
378.73
580.81
423.38
54.13
876.98
348.04
323.89
198.22
892.36
507.04
14.96
503.59
779.92
558.62
87.60
537.45
824.74
737.51
660.61
684.39
334.05
696.67
884.52
346.32
697.48
44.53
369.16
14.62
419.42
79.46
115.86
69.42
130.38
138.16
838.77
668.85
603.37
397.90
760.22
895.83
934.58
304.06
887.58
809.12
46.27
234.46
862.44
674.45
583.90
808.27
266.72
626.59
720.41
875.43
633.19
610.48
556.58
818.47
867.46
97.80
994.60
423.87
535.32
137.96
818.77
741.47
760.79
766.86
610.17
654.42
348.42
230.74
755.21
36.42
199.03
373.08
658.08
874.45
97.43
936.39
630.52
935.80
244.46
686.46
472.56
345.09
419.05
759.15
545.00
911.57
919.10
450.70
645.77
566.96
922.25
630.96
737.29
461.98
3.81
407.34
742.53
239.33
265.65
143.56
779.03
818.18
86.36
371.22
259.14
841.66
829.41
246.91
253.53
207.98
987.37
357.58
100.11
400.61
975.04
629.01
220.02
312.56
366.48
160.60
835.60
76.33
77.57
473.85
336.57
405.77
284.27
190.94
6.73
43.23
696.97
743.60
70.85
945.33
624.89
363.49
649.54
190.27
888.81
714.77
304.74
501.56
765.89
733.48
378.29
665.47
740.47
756.99
970.02
181.03
400.62
246.30
178.04
635.69
250.92
642.12
196.48
215.98
1.09
163.91
574.02
826.77
241.41
271.87
979.86
542.64
410.07
36.73
823.02
82.60
825.29
256.58
717.63
700.47
407.37
155.95
68.68
729.56
225.57
856.08
403.77
771.35
370.67
814.05
701.86
259.64
132.78
896.40
994.33
952.21
378.00
36.60
755.61
884.91
701.54
506.18
962.36
680.74
71.43
850.46
599.92
765.36
878.87
366.06
504.33
479.38
132.60
149.23
487.14
302.24
344.81
421.43
118.17
808.64
610.60
769.53
233.42
875.79
182.51
952.85
993.91
533.51
252.11
311.37
138.35
241.15
545.86
779.61
924.03
114.84
905.41
207.14
581.64
285.03
509.61
51.35
467.67
500.90
957.00
981.57
91.39
624.44
963.73
780.35
96.56
496.67
695.83
50.37
795.94
145.46
23.91
635.98
747.72
101.50
595.69
748.18
228.72
722.70
450.50
485.60
287.69
681.27
331.14
838.11
855.85
401.07
126.39
575.80
468.74
679.52
208.56
608.44
939.10
202.16
889.90
252.82
994.58
312.84
773.50
619.96
943.37
519.90
845.88
838.40
63.24
699.59
278.22
878.75
486.75
690.49
84.79
124.15
411.00
875.50
332.50
955.14
442.68
998.20
230.46
715.80
274.99
978.98
682.74
955.78
361.01
217.90
173.71
738.46
704.86
377.24
811.27
860.84
760.60
127.64
392.25
96.29
934.55
649.22
297.20
833.13
350.24
953.97
977.08
387.75
133.53
512.04
828.09
608.66
930.40
919.27
765.24
229.99
269.24
252.45
586.56
729.72
330.11
522.83
868.92
4.17
214.37
657.29
688.51
326.76
510.15
981.17
90.83
114.36
932.43
346.72
520.40
904.01
987.96
41.48
785.41
896.22
555.84
501.37
792.19
698.34
161.87
757.60
451.34
598.21
356.53
248.08
936.82
855.83
265.41
284.34
609.79
481.92
429.73
288.51
870.68
89.35
111.34
841.55
619.45
707.36
902.58
385.60
321.81
196.09
435.14
840.40
171.23
620.46
158.18
992.06
590.06
161.24
584.83
316.24
84.97
831.63
764.13
851.83
175.89
769.23
396.59
92.91
215.93
943.27
403.60
578.31
210.19
443.42
69.08
103.88
390.42
487.32
306.79
533.49
389.99
305.18
887.35
679.54
426.53
13.23
292.40
270.34
128.02
55.87
165.83
410.94
734.31
809.11
674.99
382.79
932.47
620.97
792.27
712.65
724.06
465.33
507.55
923.39
798.37
723.31
41.78
89.41
422.65
920.03
422.97
426.69
569.46
531.38
985.54
819.52
208.49
720.07
73.52
100.50
80.80
597.17
306.84
286.83
102.22
959.99
323.26
558.10
299.00
910.40
602.06
735.26
529.64
442.79
78.08
516.89
40.25
387.16
245.08
431.11
516.58
776.69
325.90
956.40
746.92
753.83
93.96
403.31
122.61
472.74
160.91
942.50
147.49
770.76
734.08
232.88
142.85
191.46
108.99
389.42
77.34
389.18
990.09
19.15
488.70
513.27
176.61
207.46
487.62
113.26
707.43
410.15
857.97
263.92
709.00
728.98
82.04
54.79
244.18
444.92
404.50
785.04
27.22
437.80
887.17
9.08
435.86
757.27
586.07
974.38
249.87
468.73
831.58
79.19
865.26
512.14
767.69
652.80
303.58
899.47
776.11
705.06
434.17
410.89
679.51
283.16
945.62
867.04
832.68
277.55
41.54
47.52
160.69
132.97
175.62
499.96
573.19
943.29
400.70
282.74
424.58
462.70
991.96
851.53
82.66
991.74
978.88
44.27
183.80
557.34
787.08
584.64
206.12
571.19
557.65
120.51
682.15
743.24
591.31
755.44
623.35
422.33
189.90
162.75
536.79
902.83
82.93
835.41
295.30
211.22
746.15
754.85
588.37
872.39
518.71
638.43
223.31
334.26
897.98
861.42
495.09
862.52
117.40
220.87
29.57
485.29
619.28
806.33
759.00
701.05
50.21
124.98
540.49
428.52
671.33
454.96
728.90
397.65
141.15
119.65
870.09
109.16
867.88
455.54
922.00
491.98
553.65
337.43
865.34
493.93
619.93
557.32
682.87
432.39
648.20
163.31
930.39
73.33
853.41
360.69
344.04
641.42
623.01
486.49
616.19
753.99
828.21
767.38
894.89
451.42
730.23
428.07
809.12
831.81
995.55
63.79
453.32
384.67
29.98
610.24
925.70
652.89
236.09
902.02
138.66
443.27
660.12
139.91
675.44
909.67
725.88
336.81
971.66
985.78
701.89
846.27
322.83
818.34
811.39
993.78
25.95
47.16
75.09
395.69
13.53
158.39
205.33
951.36
337.74
102.73
334.64
942.83
872.99
879.24
652.61
337.24
122.55
178.48
95.22
178.39
938.45
494.52
959.38
488.77
423.74
546.97
883.02
991.26
392.40
560.98
496.94
302.93
164.91
425.70
749.33
795.57
79.54
283.35
850.00
791.42
237.34
789.43
569.32
725.16
856.24
227.84
247.59
578.68
603.37
499.31
567.97
174.93
218.63
127.28
675.23
843.03
438.14
234.97
620.22
758.62
277.38
525.45
251.51
901.75
510.53
193.99
378.47
920.28
785.94
876.14
802.88
231.17
894.48
410.59
522.07
528.90
738.96
506.01
633.11
411.23
872.21
233.65
120.08
192.58
183.34
293.13
403.13
512.14
844.06
968.92
226.64
511.74
303.73
280.84
725.65
656.23
843.07
143.34
731.54
87.74
227.88
699.61
105.08
679.56
747.33
190.71
551.30
214.86
320.23
60.90
74.41
835.70
802.91
812.53
125.30
384.96
544.89
354.01
753.37
618.86
297.62
432.93
839.02
913.69
318.58
61.33
401.65
257.89
546.66
845.29
603.44
933.02
855.24
45.19
996.43
115.81
996.12
746.35
3.23
797.15
652.26
343.88
473.83
963.00
29.07
26.39
783.10
643.49
594.18
676.22
806.60
152.36
172.03
390.64
370.63
671.07
506.74
112.27
323.72
978.18
919.61
569.57
829.03
560.79
663.82
558.70
789.68
812.10
496.50
91.82
29.14
415.38
151.70
401.23
387.64
494.46
444.56
428.23
289.89
378.07
547.06
648.90
264.24
584.39
176.05
827.63
561.29
713.22
463.52
662.88
943.64
961.88
783.26
876.86
780.60
674.52
683.63
557.24
721.75
415.73
432.03
975.93
764.87
474.68
617.67
883.64
204.11
357.08
752.56
885.56
130.94
242.35
640.96
602.43
277.92
129.47
89.82
250.04
811.83
780.42
388.48
847.99
70.66
491.32
619.34
595.24
673.65
962.15
720.67
472.65
814.78
206.65
304.15
255.92
505.67
906.67
638.20
526.16
553.56
405.55
66.25
575.08
296.36
520.55
596.40
354.88
652.35
741.20
558.06
894.68
782.80
970.71
489.09
958.28
46.33
157.05
343.82
678.30
874.77
891.12
570.12
15.48
706.99
483.90
578.07
7.00
671.95
331.25
900.24
410.72
709.30
444.67
110.70
534.86
217.29
0.04
543.49
437.26
137.30
297.99
786.20
566.64
252.78
122.77
672.58
524.84
264.87
173.11
597.97
997.75
265.57
625.87
406.76
954.49
253.63
982.06
430.74
469.69
394.76
271.62
299.04
397.59
649.78
183.30
141.22
129.15
853.26
905.03
368.64
535.45
558.95
570.73
516.76
772.94
694.68
510.82
128.87
702.49
500.12
656.68
84.22
823.53
754.13
391.26
32.90
155.44
364.71
125.64
81.27
768.93
793.99
220.74
990.23
331.29
977.21
791.65
925.87
879.62
645.95
385.40
706.97
46.50
924.74
466.41
257.88
524.25
347.64
325.48
273.45
214.40
50.94
429.32
438.21
918.43
304.03
609.00
888.81
106.12
658.43
888.07
377.25
906.10
555.14
672.62
479.45
105.43
174.61
140.93
176.46
643.86
200.00
590.43
979.05
759.44
883.07
692.31
755.03
765.56
200.17
935.09
90.34
137.17
524.90
799.90
734.51
383.55
770.15
502.07
450.14
96.28
849.09
256.17
653.53
121.09
482.81
645.63
578.51
493.71
758.53
730.07
364.33
413.34
972.64
917.10
85.58
513.22
156.31
759.01
937.63
62.17
523.24
474.72
772.93
82.43
219.42
990.40
238.09
182.53
976.74
867.85
54.49
751.09
174.07
204.05
375.98
801.34
932.18
401.58
608.23
621.59
49.56
151.10
837.52
595.38
933.06
808.89
639.67
200.39
743.67
799.71
643.02
334.42
475.16
692.79
76.32
64.42
52.95
951.80
738.69
209.74
251.98
5.12
285.69
38.98
480.83
411.67
324.24
386.94
864.20
127.48
390.86
95.90
806.80
454.46
755.59
37.14
685.38
179.76
702.35
18.34
418.98
176.15
140.06
405.65
682.85
310.13
20.21
652.67
409.94
71.67
615.06
347.16
308.36
149.82
607.81
397.96
276.52
570.24
734.83
993.65
829.67
731.91
952.86
880.95
781.39
200.86
135.63
627.51
31.74
487.42
914.80
145.37
694.95
773.00
964.58
5.68
232.41
214.34
4.59
601.69
206.52
706.21
959.73
469.62
19.98
468.14
89.63
0.34
600.38
200.92
826.10
52.80
173.58
555.89
803.61
54.90
634.87
232.00
622.87
894.58
895.45
566.83
315.96
696.59
752.78
605.70
958.22
155.88
598.49
856.24
829.87
168.22
730.72
597.73
521.94
138.17
257.43
470.40
759.38
773.07
890.60
86.73
552.86
51.98
412.26
616.04
592.46
431.26
149.91
730.88
988.50
543.68
153.02
378.82
19.26
339.72
182.32
359.73
169.72
727.82
791.26
729.07
927.14
51.30
358.77
738.44
814.89
174.86
255.40
834.63
231.03
496.94
559.36
692.33
103.44
201.43
590.26
812.12
293.40
648.05
592.34
443.11
725.89
575.26
697.68
209.87
722.09
680.00
131.34
689.05
907.86
299.11
956.28
916.23
256.44
479.58
111.02
133.17
926.60
343.24
806.14
918.22
163.16
419.26
770.33
134.59
851.73
135.32
32.22
518.07
981.79
757.36
608.99
337.16
244.74
856.84
105.61
927.27
72.83
684.10
803.58
910.48
582.58
760.08
671.08
432.62
990.59
319.91
988.14
348.00
639.78
760.09
559.11
826.67
823.39
728.12
199.08
88.41
40.46
731.33
904.51
984.69
896.02
35.16
211.73
314.18
570.98
610.11
926.01
312.68
889.16
62.83
635.52
595.53
888.02
810.05
890.02
229.62
677.00
57.72
76.08
876.37
88.43
593.00
363.42
55.02
651.62
189.93
88.16
125.65
490.61
605.13
502.40
6.53
229.60
552.90
906.42
464.34
811.02
756.96
494.60
790.46
618.12
703.44
591.74
475.07
239.58
242.30
4.26
764.91
523.18
203.24
165.61
165.13
463.81
678.18
765.22
84.79
765.98
594.28
205.14
866.17
491.11
976.43
732.58
588.04
546.78
809.85
320.47
232.69
369.09
499.62
623.90
909.63
896.21
344.21
809.04
816.42
865.73
437.75
630.16
576.15
3.48
245.82
965.97
308.97
734.81
318.32
341.55
305.24
469.20
666.83
779.91
336.21
341.32
24.54
602.52
750.02
800.68
198.83
112.64
333.21
793.48
860.17
592.67
424.70
551.07
518.83
367.81
527.39
424.10
345.13
942.69
474.54
276.40
764.23
73.12
905.18
13.28
539.55
17.86
575.12
938.63
445.94
540.26
939.75
977.99
465.80
965.52
674.53
679.44
955.72
927.70
203.69
254.87
324.54
14.30
349.53
434.91
25.06
318.53
527.11
935.39
517.15
465.70
965.70
335.71
273.89
90.57
394.43
556.88
648.90
49.04
445.21
863.50
536.85
742.16
732.80
392.52
809.82
995.23
920.28
744.15
660.31
562.49
567.15
345.98
821.24
822.58
530.91
684.06
244.06
40.58
75.83
367.98
972.15
403.32
161.74
247.96
872.36
772.84
710.58
434.24
988.53
702.32
415.20
456.42
780.02
463.46
633.71
983.94
162.60
303.09
3.41
634.11
343.39
868.34
791.66
437.79
76.78
695.11
292.19
85.42
198.57
250.31
156.65
950.25
652.89
260.74
852.07
24.94
714.17
845.18
280.20
304.17
872.93
870.65
444.47
664.80
413.83
726.32
194.66
840.11
943.45
794.15
276.67
881.11
960.53
688.76
436.84
958.05
7.65
531.51
739.35
914.37
306.85
130.81
207.33
361.94
834.39
340.45
947.03
866.83
878.75
367.15
675.66
136.87
750.97
601.44
968.80
799.14
917.22
482.21
532.09
440.54
360.95
101.69
243.32
194.56
949.54
721.65
219.68
52.31
574.52
735.98
495.15
129.23
812.33
888.71
802.94
93.67
734.47
266.34
994.93
228.50
836.95
882.68
900.45
111.85
908.87
361.80
56.05
287.82
95.80
301.46
680.14
840.03
10.86
698.02
746.09
768.80
536.73
69.92
629.39
248.11
976.85
915.48
855.45
461.89
976.46
228.72
625.77
38.90
154.97
80.28
1.64
841.76
861.77
292.06
853.07
135.99
135.93
546.75
987.64
565.33
334.64
125.29
963.04
939.71
762.10
966.01
515.14
386.53
993.54
889.29
434.50
713.25
906.81
955.07
958.67
568.50
82.28
584.43
71.19
131.76
293.63
134.60
711.85
823.36
807.99
793.20
602.30
665.80
934.55
99.85
825.40
770.41
553.09
476.47
624.61
791.20
433.54
58.75
77.82
415.19
398.61
709.57
364.52
810.61
284.23
254.09
308.95
787.45
325.24
748.31
886.80
33.91
965.09
644.74
265.41
834.53
734.16
434.79
300.33
543.69
496.30
693.43
375.41
548.68
599.63
251.79
844.63
164.49
366.15
54.89
547.44
934.57
148.59
723.94
266.13
977.64
583.46
978.78
135.54
530.25
713.25
109.81
53.20
116.41
934.34
136.53
459.03
418.09
154.71
247.61
753.79
931.78
568.95
374.24
871.77
355.95
927.58
584.72
562.72
399.16
576.45
888.99
340.74
584.22
135.58
94.09
137.21
813.90
421.05
442.83
600.89
164.48
889.64
288.19
697.95
174.74
16.18
775.50
720.37
489.38
544.56
329.57
312.07
116.23
208.19
949.01
922.73
729.01
316.13
283.94
947.30
727.35
224.18
434.84
143.42
826.98
855.91
338.12
479.08
32.22
391.38
549.22
212.43
754.95
2.81
757.10
67.42
342.80
961.03
941.77
358.11
657.31
273.10
462.57
390.03
206.07
241.48
862.32
102.35
647.02
795.61
733.44
216.28
900.15
180.00
792.99
528.35
350.38
113.23
471.32
986.40
352.20
969.55
761.76
467.22
256.19
245.63
209.45
564.21
905.29
632.55
654.40
882.36
987.60
130.67
407.47
109.32
277.19
39.60
357.82
257.79
994.90
63.36
78.90
46.15
430.66
410.56
374.40
753.21
433.34
804.57
473.87
334.00
473.19
444.09
556.55
894.37
392.09
758.89
135.49
541.49
398.19
650.10
792.33
660.76
702.09
405.24
340.52
345.51
294.91
762.13
193.47
305.37
24.09
120.18
174.40
785.50
69.46
218.73
526.10
540.54
834.69
586.85
518.55
479.02
64.23
630.74
231.66
977.96
302.00
332.57
127.27
952.04
985.39
54.80
976.83
509.54
788.33
48.14
468.05
699.98
981.74
460.72
307.49
420.25
67.56
819.63
343.88
482.26
26.62
797.41
523.32
479.50
871.35
702.66
907.38
438.54
11.54
64.00
44.72
110.50
922.12
785.54
534.11
680.07
48.90
37.48
78.65
409.16
775.48
839.09
499.95
870.45
582.43
470.69
963.33
722.15
238.52
365.11
914.19
864.41
96.72
679.49
989.86
924.25
153.64
932.94
906.47
744.62
546.60
623.13
241.99
444.98
784.38
745.56
860.95
994.73
136.89
10.59
754.84
450.81
590.92
168.70
789.22
577.50
768.67
10.54
283.06
277.40
125.29
612.74
710.63
185.91
242.10
806.44
803.42
513.65
21.86
365.25
53.87
152.89
38.35
703.34
349.92
770.32
177.17
757.78
241.69
557.24
265.57
975.68
554.30
230.64
412.31
321.67
926.05
50.32
171.48
674.28
709.59
547.72
322.97
453.36
90.13
91.70
925.03
984.21
268.00
826.30
967.79
450.27
733.52
895.41
688.79
737.14
357.43
978.85
341.89
109.34
902.09
759.78
613.48
186.53
339.04
761.11
557.53
492.63
633.30
728.31
328.49
1.16
321.00
554.12
565.52
678.83
1.82
827.69
724.59
457.66
779.00
834.27
649.08
753.66
687.31
333.33
542.40
322.90
638.84
781.45
396.73
624.98
933.23
5.98
157.35
573.31
370.20
944.98
630.19
256.82
89.83
810.24
870.48
629.74
536.53
893.22
298.22
709.16
637.43
530.97
857.90
9.48
305.01
889.10
277.07
683.77
487.55
681.63
700.09
726.09
345.17
72.96
674.62
618.42
321.96
262.00
812.46
440.77
438.75
990.65
561.15
335.04
388.95
503.49
23.02
428.58
235.22
396.01
971.82
7.70
840.55
144.25
127.60
11.06
625.01
792.18
912.02
804.92
670.41
303.17
399.42
991.64
817.35
870.63
25.40
63.98
58.43
271.75
495.18
941.17
119.26
960.48
6.53
845.49
953.61
725.07
57.62
251.09
780.23
237.16
702.65
69.63
117.86
75.47
328.20
232.62
216.15
950.02
536.22
999.06
765.05
621.27
376.61
745.70
703.86
187.34
572.48
134.63
330.99
129.19
961.17
5.99
56.77
887.86
24.96
127.70
46.46
272.69
157.46
814.99
220.45
646.93
846.90
595.04
984.93
201.55
453.19
773.99
167.14
851.16
668.12
986.49
280.96
602.31
759.56
300.43
870.04
3.13
501.87
449.62
764.99
58.54
414.31
107.20
323.44
312.55
208.66
766.11
0.94
337.66
397.72
68.32
887.63
805.73
29.97
560.99
237.97
890.21
680.42
184.78
422.37
32.23
209.09
748.12
941.47
996.25
965.41
570.61
749.78
421.70
51.34
243.05
864.93
828.95
664.12
866.13
323.01
941.21
245.78
951.47
626.61
530.75
577.82
713.53
151.96
632.07
968.71
139.73
565.61
578.09
766.29
273.49
340.20
56.24
790.19
958.81
266.49
540.48
288.53
707.24
329.41
754.09
270.20
490.24
445.45
106.57
140.07
427.07
225.71
237.23
378.22
560.59
34.04
802.62
876.34
619.01
499.04
582.32
921.25
120.58
434.48
426.22
56.83
763.09
642.53
290.61
397.55
855.00
658.75
789.74
627.48
98.36
999.52
27.91
371.51
807.11
568.73
175.13
362.75
362.48
280.53
246.43
540.66
464.02
354.65
18.05
680.92
442.52
724.21
102.63
366.91
640.61
469.13
631.36
224.37
537.37
371.27
705.00
389.73
121.64
941.19
702.53
64.83
654.05
542.79
765.87
791.86
97.29
972.79
442.31
215.30
262.78
147.68
424.44
22.53
179.04
393.91
89.79
951.32
703.42
893.77
171.09
651.01
806.97
295.13
20.86
147.72
894.76
858.40
33.54
291.25
366.34
855.45
691.98
465.27
465.07
35.12
299.85
208.70
33.73
453.19
341.78
367.31
997.26
341.47
194.43
72.94
634.49
748.80
263.40
615.39
612.51
727.11
338.95
617.54
268.69
677.97
161.68
695.26
488.96
745.45
956.51
938.34
935.64
812.09
387.20
33.13
721.24
277.17
382.69
360.75
807.98
852.49
62.71
511.14
956.08
817.24
655.84
517.11
933.67
185.81
775.66
863.08
715.85
22.18
211.15
292.53
206.45
630.76
127.26
792.59
465.26
684.95
882.06
471.26
317.43
232.51
186.34
50.24
285.19
401.86
592.98
742.11
269.44
565.47
6.49
615.83
544.24
803.25
638.12
859.66
377.25
102.83
629.78
478.04
399.39
893.72
133.64
571.68
773.36
372.28
621.89
507.38
616.76
898.50
788.29
653.95
146.25
776.15
256.24
322.58
287.98
834.19
303.18
801.17
275.62
622.66
351.82
398.32
737.14
513.89
543.64
464.71
751.97
555.44
701.78
464.12
748.48
975.69
428.88
546.83
509.89
317.85
187.65
834.78
673.17
229.86
538.39
922.13
179.59
990.73
567.15
465.57
774.52
50.77
419.58
125.29
307.77
871.38
774.28
978.16
105.90
761.81
634.05
706.41
792.37
720.85
934.98
918.82
165.45
50.14
749.96
679.55
748.96
992.30
499.43
973.84
777.43
760.50
963.95
59.88
976.58
617.84
461.59
424.46
304.66
74.71
255.96
980.51
73.51
271.43
612.89
630.46
30.85
825.51
371.83
323.51
116.31
749.21
58.64
685.22
785.15
70.54
577.25
759.06
316.94
327.29
388.42
386.77
553.13
348.12
54.29
827.33
588.71
923.42
394.10
156.92
47.67
540.09
745.10
131.16
489.32
951.20
121.64
438.28
931.86
507.49
960.35
23.61
56.14
809.09
54.44
529.78
160.85
207.71
814.76
969.92
185.29
186.49
759.20
646.00
36.95
752.17
68.68
514.31
99.90
401.37
154.27
114.08
203.29
89.99
38.55
680.61
322.03
821.90
936.90
341.02
415.41
461.26
250.53
608.63
4.23
793.83
919.52
682.84
668.37
451.36
323.02
355.77
746.53
428.81
820.57
569.58
301.77
348.69
877.71
146.23
843.85
832.72
209.90
615.53
170.59
415.35
1.88
12.76
995.62
101.62
695.14
710.79
190.69
822.54
272.34
844.96
939.51
149.16
792.47
713.76
747.85
210.30
489.02
519.32
916.53
457.60
185.04
473.76
930.75
440.54
603.80
673.75
200.33
834.72
958.64
24.01
28.63
158.89
263.22
157.11
353.62
396.09
312.42
661.95
283.58
610.54
318.93
183.48
236.02
62.06
279.75
955.23
172.22
917.34
491.81
80.21
597.79
635.41
658.96
32.97
541.05
130.59
184.37
694.71
879.39
858.79
165.37
845.73
237.56
747.66
848.82
797.31
572.06
603.87
612.74
926.43
947.31
316.40
944.28
26.06
665.54
4.99
976.48
353.53
713.36
892.32
33.59
473.55
649.35
395.67
214.43
598.91
382.86
458.48
31.43
214.98
784.29
766.77
219.68
120.77
343.37
641.89
390.90
166.71
699.84
780.61
734.34
888.78
606.51
277.92
42.62
631.92
246.55
467.28
819.85
137.48
180.94
691.11
360.68
843.33
27.13
817.96
423.04
312.32
378.01
601.74
745.18
209.94
109.11
349.30
146.41
632.32
351.77
358.46
339.31
17.39
497.15
1.40
996.18
680.16
505.31
260.26
770.61
544.64
769.79
172.13
643.17
637.11
444.66
760.17
347.15
374.51
1.13
166.70
473.51
388.43
869.54
359.77
274.52
438.99
181.14
841.96
244.02
47.42
576.64
55.67
373.84
335.28
909.43
578.86
991.99
30.67
200.60
700.51
34.28
374.72
459.62
741.18
688.28
131.29
872.55
861.48
870.95
312.53
683.88
423.36
162.51
491.97
664.73
913.76
913.44
281.22
976.77
254.90
286.01
659.86
334.59
780.58
676.56
628.50
55.33
812.67
2.43
997.55
906.49
286.54
100.46
790.35
219.41
677.30
651.73
402.45
638.50
798.55
935.15
377.91
416.12
94.75
12.31
698.01
192.56
208.42
296.87
858.83
679.11
574.29
263.46
176.59
853.95
201.21
243.78
34.59
347.10
101.44
405.76
524.19
28.03
49.66
373.27
228.42
277.22
263.77
588.62
37.73
427.38
587.93
768.15
430.70
781.85
803.45
427.56
99.05
319.71
875.67
864.18
567.06
756.46
83.47
817.24
351.27
755.71
656.63
1.98
85.09
690.47
524.03
693.95
820.90
341.73
940.89
719.38
984.05
166.05
350.34
228.74
972.75
885.15
8.48
893.89
609.78
875.05
607.67
432.36
250.29
884.83
27.62
4.73
833.80
16.87
843.76
764.74
818.81
540.14
239.37
541.34
405.80
538.95
839.82
69.16
430.05
825.70
809.47
183.84
878.85
425.06
712.48
197.07
916.83
851.35
361.87
175.64
648.34
487.54
81.25
377.13
364.72
10.03
18.89
551.48
467.42
625.93
996.43
537.32
544.10
338.32
129.47
237.78
823.56
868.81
253.28
366.55
428.38
790.49
43.97
175.51
801.68
914.76
950.76
216.09
396.14
811.60
724.31
579.63
566.01
69.38
461.56
507.80
748.30
123.87
11.50
35.20
992.46
433.97
534.73
197.35
418.72
803.68
990.99
975.17
880.01
881.76
574.04
497.29
567.24
171.22
59.64
861.79
170.71
938.33
761.79
797.89
294.81
50.36
240.76
405.61
783.22
366.81
731.31
998.93
237.63
838.45
952.17
510.09
814.76
509.46
715.70
858.31
528.22
723.93
738.05
777.93
116.90
261.34
976.20
799.48
300.54
151.19
911.08
730.88
191.21
72.58
844.14
164.17
442.47
605.10
660.62
845.41
251.89
859.59
569.35
589.81
20.80
342.16
953.53
449.85
773.55
454.12
178.51
235.41
689.36
906.06
120.17
969.29
37.32
27.55
636.97
663.57
122.81
235.49
828.03
118.17
596.53
148.53
567.60
280.26
304.50
504.17
23.94
189.23
756.39
41.26
594.57
510.61
957.98
345.54
253.94
268.14
343.97
963.38
901.88
998.87
356.02
639.33
797.20
776.33
43.37
462.85
206.61
428.63
952.98
503.24
345.74
67.69
469.97
845.11
359.19
567.00
795.55
336.78
545.19
951.67
608.95
891.51
872.04
1.92
401.34
156.49
684.76
788.81
477.23
39.69
989.50
539.52
443.00
174.06
206.77
773.42
442.37
412.40
532.38
654.46
588.51
594.80
402.78
219.14
994.67
592.43
760.45
884.50
283.79
398.96
142.57
644.43
343.15
895.47
40.27
138.66
873.01
125.93
963.80
410.20
499.25
224.47
448.10
965.41
792.75
576.47
619.07
216.16
252.30
517.23
903.88
664.29
721.83
997.52
449.60
499.38
895.03
467.01
912.81
365.62
358.85
564.79
818.92
845.41
494.76
403.55
877.77
861.69
316.62
571.93
148.63
548.88
391.79
360.43
428.53
656.92
825.28
895.70
653.54
754.82
926.00
852.14
5.54
480.82
799.67
685.65
620.65
109.71
465.45
760.05
860.59
580.77
382.53
480.37
702.67
824.31
850.67
548.89
599.69
505.93
6.93
346.29
210.11
170.82
734.57
754.01
926.12
511.43
628.38
298.48
222.07
335.76
102.29
506.96
18.54
447.54
79.58
467.80
104.06
906.80
738.64
305.79
227.47
624.45
834.30
421.05
261.28
63.83
632.09
93.30
969.90
318.56
962.13
956.51
792.97
387.07
720.09
395.91
191.01
372.36
261.99
910.72
965.49
747.72
563.12
597.69
992.65
930.25
392.83
881.79
702.52
307.93
656.24
28.43
54.24
868.76
585.31
434.81
476.45
930.52
196.65
883.88
587.06
447.43
671.60
564.09
606.84
960.59
458.74
658.84
641.29
654.51
582.88
640.31
176.15
701.62
940.20
524.99
518.06
36.21
233.11
609.40
501.82
512.01
942.78
755.37
816.33
504.00
324.07
688.67
878.47
619.43
171.09
245.32
599.17
800.16
173.05
36.84
458.69
384.92
227.36
170.95
335.49
712.32
144.45
176.74
999.37
154.92
497.29
353.12
809.96
654.27
855.23
207.01
674.30
413.70
247.24
526.51
950.64
588.10
85.03
752.34
318.39
642.32
71.82
651.45
161.87
619.06
944.51
581.59
837.97
749.57
881.00
948.88
521.98
893.55
689.93
204.64
998.63
58.05
281.63
142.07
612.71
851.65
182.86
664.76
981.04
149.98
693.59
106.27
503.17
960.09
626.95
141.16
586.43
737.10
959.18
693.34
443.22
830.55
119.51
239.05
651.89
195.59
32.01
598.00
994.14
737.35
704.93
926.29
110.71
429.34
275.66
386.90
54.42
428.58
786.05
945.61
376.58
1.47
533.16
289.75
306.98
881.16
280.68
474.68
875.16
268.78
116.57
864.11
518.90
80.27
624.88
711.93
595.09
511.55
414.27
376.70
427.85
918.73
796.05
589.26
341.38
86.38
809.03
667.24
379.93
513.39
465.92
80.37
96.72
813.94
659.06
965.82
194.25
789.36
857.57
170.74
366.71
883.70
63.55
539.74
181.94
644.15
417.48
953.11
412.09
71.06
387.36
656.28
438.38
971.86
834.02
171.20
5.09
408.28
981.53
418.21
226.73
880.07
649.51
276.99
601.05
817.07
455.37
852.26
893.73
807.51
268.65
738.39
514.74
460.87
267.44
932.42
666.71
220.81
188.16
498.16
32.96
974.97
823.29
574.36
102.97
314.03
28.07
762.67
249.18
929.87
249.70
82.05
524.48
836.63
752.45
372.51
759.41
980.35
722.27
144.42
688.94
793.57
240.85
276.46
3.78
82.87
796.60
549.20
96.42
508.53
433.14
821.75
254.03
199.88
803.80
650.13
875.04
497.10
359.86
18.47
390.67
86.18
496.49
777.11
935.40
97.84
225.15
154.80
22.21
494.25
682.09
539.46
973.93
208.51
196.45
208.10
793.15
402.67
490.66
599.34
946.83
438.76
712.94
102.73
23.15
966.24
889.24
996.81
13.11
451.60
507.95
394.12
661.83
174.98
745.84
931.04
246.47
353.70
340.78
110.76
400.85
247.18
786.45
7.48
392.79
301.80
875.06
554.77
529.61
829.81
392.90
672.97
29.68
875.42
977.61
454.65
565.12
472.25
565.74
946.76
538.96
758.03
405.40
792.60
764.02
116.87
275.20
330.50
521.71
59.69
817.45
417.43
778.13
444.15
527.64
815.05
260.01
180.05
556.48
933.00
388.50
95.85
835.91
835.78
289.48
783.20
713.81
959.18
663.03
593.23
737.65
320.06
365.21
946.92
322.19
642.40
309.66
864.12
571.01
858.47
872.62
364.77
454.42
341.83
125.76
125.87
760.58
10.20
476.54
896.79
307.05
651.14
69.81
716.05
444.28
454.66
583.39
400.53
492.12
406.83
903.08
701.79
875.40
251.90
289.16
539.23
362.10
81.03
544.64
926.00
671.12
985.37
372.93
370.23
318.40
118.64
47.01
242.01
227.18
594.00
744.93
377.89
539.52
628.65
632.84
368.87
749.40
752.34
890.10
474.35
811.67
518.54
974.47
100.35
399.41
599.73
893.61
826.34
454.63
38.62
892.94
808.36
397.97
619.93
157.29
108.25
426.03
291.28
287.19
498.14
169.72
191.19
902.12
232.01
565.68
323.73
704.74
338.51
203.60
717.74
4.80
980.84
299.90
390.82
47.83
374.32
233.22
984.04
240.17
783.25
666.80
964.67
318.34
261.51
558.89
172.78
604.10
326.48
983.81
769.55
291.97
620.52
837.48
373.44
793.37
214.37
40.92
622.20
970.23
241.48
230.17
143.46
255.84
69.68
312.07